1 0.12265625 0.37734375 0.17421875 0.28984375
1 0.36796875 0.375 0.26328125 0.3125
1 0.64765625 0.3390625 0.25859375 0.375
1 0.87734375 0.33515625 0.16484375 0.3125
1 0.18515625 0.71640625 0.1828125 0.36171875
1 0.3703125 0.6515625 0.17890625 0.23203125
1 0.54453125 0.6296875 0.17890625 0.19609375
1 0.67890625 0.6671875 0.14296875 0.28984375
1 0.8796875 0.6671875 0.1875 0.3171875
0 0.22109375 0.4015625 0.04921875 0.08046875
0 0.50703125 0.4171875 0.03125 0.0671875
0 0.453125 0.58671875 0.02265625 0.10234375
0 0.609375 0.61796875 0.0671875 0.14765625
0 0.7765625 0.63359375 0.04453125 0.10703125
0 0.28828125 0.6140625 0.03984375 0.0671875
0 0.109375 0.66328125 0.03984375 0.1203125
0 0.171875 0.859375 0.08515625 0.0671875