1 0.109375 0.34140625 0.16484375 0.22734375
1 0.3234375 0.3328125 0.2453125 0.3078125
1 0.5890625 0.328125 0.2765625 0.3171875
1 0.81015625 0.33046875 0.1921875 0.25
1 0.06953125 0.60703125 0.13828125 0.30390625
1 0.21640625 0.625 0.15625 0.26796875
1 0.39921875 0.63203125 0.1921875 0.26328125
1 0.56953125 0.640625 0.17421875 0.2546875
1 0.72578125 0.62265625 0.13828125 0.26328125
1 0.89296875 0.61171875 0.13359375 0.32109375
0 0.14765625 0.5984375 0.04453125 0.0890625
0 0.18046875 0.69609375 0.04921875 0.0625
0 0.30546875 0.63359375 0.03125 0.0265625
0 0.47734375 0.61796875 0.0359375 0.0578125
0 0.97734375 0.59609375 0.0265625 0.07578125
0 0.64921875 0.6203125 0.02265625 0.05390625