1 0.125 0.3078125 0.2140625 0.35703125
1 0.36640625 0.328125 0.2859375 0.36171875
1 0.62734375 0.34375 0.27265625 0.32109375
1 0.87734375 0.33515625 0.20078125 0.33046875
1 0.10234375 0.61796875 0.1609375 0.3078125
1 0.296875 0.625 0.15625 0.25
1 0.45546875 0.63359375 0.1609375 0.24140625
1 0.6296875 0.6359375 0.1609375 0.23671875
1 0.796875 0.6453125 0.15625 0.27265625
1 0.94453125 0.65390625 0.10234375 0.32578125
0 0.21875 0.37734375 0.0359375 0.1203125
0 0.05546875 0.5734375 0.0578125 0.1296875
0 0.20546875 0.59609375 0.04453125 0.08515625
0 0.546875 0.62265625 0.04921875 0.08515625