1 0.88203125 0.3890625 0.2359375 0.39375
1 0.66640625 0.359375 0.3546875 0.4125
1 0.4078125 0.3203125 0.3328125 0.3703125
1 0.16484375 0.26015625 0.265625 0.365625
1 0.8640625 0.6984375 0.221875 0.334375
1 0.67265625 0.66484375 0.2046875 0.2765625
1 0.515625 0.63984375 0.2078125 0.2703125
1 0.34453125 0.60625 0.20625 0.265625
1 0.1796875 0.58046875 0.209375 0.2984375
1 0.0578125 0.5578125 0.115625 0.340625
0 0.80078125 0.43828125 0.0609375 0.125
0 0.91953125 0.6640625 0.0828125 0.1390625
0 0.76796875 0.65546875 0.0609375 0.0921875
0 0.42890625 0.61015625 0.065625 0.09375