1 0.1296875 0.4140625 0.259375 0.334375
1 0.3578125 0.38515625 0.284375 0.359375
1 0.61484375 0.39375 0.29375 0.334375
1 0.83359375 0.3546875 0.2484375 0.31875
1 0.07421875 0.72109375 0.1171875 0.2515625
1 0.17890625 0.725 0.2390625 0.36875
1 0.34375 0.6671875 0.1890625 0.2921875
1 0.515625 0.71171875 0.190625 0.284375
1 0.6625 0.67265625 0.2 0.28125
1 0.79921875 0.64453125 0.209375 0.2953125
1 0.90625 0.66171875 0.1875 0.3734375
0 0.20546875 0.45390625 0.1 0.175
0 0.56875 0.321875 0.0453125 0.0421875
0 0.26328125 0.659375 0.0609375 0.1125
0 0.4125 0.6765625 0.05625 0.1125
0 0.5828125 0.69453125 0.0671875 0.1234375
0 0.71875 0.653125 0.05625 0.08125
0 0.8765625 0.63515625 0.0578125 0.0609375