1 0.84921875 0.33828125 0.2390625 0.315625
1 0.615625 0.3578125 0.253125 0.3375
1 0.365625 0.4203125 0.265625 0.3125
1 0.14296875 0.42734375 0.2203125 0.3
1 0.9578125 0.62734375 0.084375 0.2453125
1 0.8609375 0.653125 0.2046875 0.353125
1 0.6875 0.63125 0.1625 0.2796875
1 0.52890625 0.71015625 0.165625 0.2703125
1 0.3765625 0.703125 0.175 0.2671875
1 0.2375 0.70390625 0.1828125 0.28125
1 0.11328125 0.74765625 0.2015625 0.3578125
0 0.778125 0.39375 0.084375 0.16875
0 0.3953125 0.340625 0.0421875 0.0375
0 0.76484375 0.60625 0.05 0.109375
0 0.62265625 0.6546875 0.0453125 0.109375
0 0.459375 0.7078125 0.0546875 0.11875
0 0.31796875 0.6953125 0.0484375 0.078125
0 0.159375 0.71015625 0.0515625 0.05625