1 0.18359375 0.26171875 0.246875 0.315625
1 0.3984375 0.3234375 0.3140625 0.359375
1 0.66015625 0.38125 0.346875 0.3609375
1 0.875 0.4171875 0.25 0.35
1 0.06875 0.521875 0.1375 0.30625
1 0.20078125 0.578125 0.246875 0.3359375
1 0.3796875 0.6546875 0.253125 0.3671875
1 0.54609375 0.6828125 0.253125 0.3453125
1 0.72890625 0.7 0.2265625 0.2984375
1 0.88515625 0.728125 0.2 0.309375
0 0.2734375 0.30078125 0.0625 0.096875
0 0.190625 0.365625 0.1265625 0.0859375
0 0.11328125 0.5484375 0.08125 0.1296875
0 0.1609375 0.65625 0.14375 0.13125
0 0.01953125 0.63515625 0.0390625 0.0421875
0 0.28671875 0.57734375 0.0890625 0.14375
0 0.36328125 0.765625 0.1640625 0.121875
0 0.45703125 0.62734375 0.1 0.1375
0 0.53984375 0.7984375 0.0859375 0.071875
0 0.63828125 0.665625 0.075 0.115625
0 0.81015625 0.7171875 0.053125 0.0953125
0 0.709375 0.80234375 0.065625 0.034375