1 0.140625 0.3328125 0.1921875 0.28125
1 0.3640625 0.3484375 0.2546875 0.3125
1 0.63203125 0.35078125 0.28984375 0.3078125
1 0.86171875 0.3390625 0.2140625 0.3125
1 0.0625 0.61640625 0.125 0.2859375
1 0.2234375 0.63828125 0.1875 0.30390625
1 0.41484375 0.6765625 0.1875 0.33515625
1 0.5828125 0.66953125 0.1921875 0.3125
1 0.765625 0.64765625 0.17421875 0.26796875
1 0.92421875 0.64296875 0.14296875 0.2859375
0 0.23671875 0.35234375 0.04453125 0.0890625
0 0.16953125 0.4328125 0.11640625 0.0625
0 0.13203125 0.62734375 0.0578125 0.1203125
0 0.20078125 0.7234375 0.125 0.10703125
0 0.04921875 0.734375 0.05390625 0.03125
0 0.3078125 0.6203125 0.0625 0.13359375
0 0.421875 0.78828125 0.14765625 0.09375
0 0.484375 0.63359375 0.07578125 0.125
0 0.60078125 0.78359375 0.07578125 0.0578125
0 0.66953125 0.63359375 0.05390625 0.10703125
0 0.8484375 0.64765625 0.0359375 0.0890625
0 0.76796875 0.75234375 0.0625 0.02265625