1 0.0875 0.41171875 0.175 0.2578125
1 0.2859375 0.3546875 0.3109375 0.340625
1 0.57109375 0.32421875 0.3328125 0.365625
1 0.8125 0.33125 0.203125 0.2578125
1 0.09453125 0.6515625 0.1890625 0.290625
1 0.28203125 0.625 0.228125 0.278125
1 0.44453125 0.57109375 0.1453125 0.1921875
1 0.609375 0.5921875 0.225 0.240625
1 0.78359375 0.56328125 0.1875 0.246875
1 0.92421875 0.571875 0.1515625 0.30625
0 0.1890625 0.6390625 0.053125 0.0640625
0 0.37421875 0.60859375 0.040625 0.084375
0 0.4953125 0.5890625 0.04375 0.0796875
0 0.68125 0.5765625 0.053125 0.0609375
0 0.86015625 0.5609375 0.05625 0.0734375