1 0.109375 0.34140625 0.13828125 0.23671875
1 0.31484375 0.31953125 0.26328125 0.29921875
1 0.60078125 0.3390625 0.28125 0.32109375
1 0.83671875 0.38828125 0.16484375 0.23203125
1 0.0734375 0.5796875 0.146875 0.26875
1 0.26328125 0.58515625 0.1875 0.25
1 0.4328125 0.56015625 0.11640625 0.17421875
1 0.59140625 0.609375 0.1921875 0.21015625
1 0.76796875 0.61171875 0.1515625 0.2234375
1 0.92421875 0.64765625 0.14296875 0.2859375
0 0.16953125 0.5828125 0.04453125 0.0578125
0 0.35703125 0.58515625 0.0265625 0.08046875
0 0.4796875 0.58671875 0.03125 0.07578125
0 0.66484375 0.60703125 0.04453125 0.05390625
0 0.84375 0.62265625 0.04453125 0.0671875