1 0.12265625 0.3015625 0.1921875 0.29921875
1 0.36171875 0.3171875 0.25859375 0.30390625
1 0.6296875 0.3390625 0.23203125 0.2859375
1 0.85234375 0.34375 0.20546875 0.30390625
1 0.05390625 0.55546875 0.10703125 0.2546875
1 0.19609375 0.59375 0.1609375 0.2765625
1 0.37734375 0.58671875 0.1921875 0.23671875
1 0.54921875 0.625 0.17890625 0.29453125
1 0.72109375 0.62265625 0.1828125 0.2453125
1 0.8953125 0.64921875 0.17421875 0.28125
0 0.49765625 0.2921875 0.03125 0.03984375
0 0.76328125 0.35234375 0.0359375 0.08046875
0 0.11796875 0.5734375 0.04921875 0.0671875
0 0.1828125 0.68984375 0.0890625 0.07578125
0 0.3703125 0.61640625 0.13359375 0.1609375
0 0.5421875 0.71015625 0.09375 0.0984375