1 0.15859375 0.2453125 0.2359375 0.325
1 0.3921875 0.29765625 0.303125 0.340625
1 0.653125 0.36171875 0.2734375 0.31875
1 0.87265625 0.40078125 0.25 0.3328125
1 0.06171875 0.484375 0.1234375 0.26875
1 0.18515625 0.5453125 0.2015625 0.2984375
1 0.365625 0.56640625 0.2265625 0.2640625
1 0.52890625 0.63125 0.2234375 0.31875
1 0.69921875 0.65546875 0.21875 0.2703125
1 0.8671875 0.709375 0.215625 0.3046875
0 0.53046875 0.29453125 0.0375 0.04375
0 0.7828125 0.3953125 0.0484375 0.084375
0 0.1109375 0.5125 0.059375 0.0734375
0 0.15703125 0.6375 0.1 0.0890625
0 0.35390625 0.59453125 0.1578125 0.1796875
0 0.50859375 0.7140625 0.1078125 0.1125