1 0.1640625 0.2453125 0.2296875 0.309375
1 0.3921875 0.30625 0.3125 0.36875
1 0.6578125 0.3375 0.2953125 0.3796875
1 0.884375 0.3359375 0.23125 0.340625
1 0.31953125 0.55078125 0.1640625 0.2140625
1 0.46171875 0.59609375 0.1890625 0.2640625
1 0.64296875 0.6234375 0.1765625 0.2328125
1 0.80546875 0.6328125 0.190625 0.3046875
1 0.1265625 0.54375 0.253125 0.353125
0 0.2453125 0.56328125 0.0609375 0.0953125
0 0.38671875 0.55546875 0.034375 0.090625
0 0.565625 0.596875 0.0578125 0.134375
0 0.7171875 0.60703125 0.028125 0.1078125