1 0.13203125 0.29453125 0.1921875 0.2859375
1 0.36640625 0.3234375 0.26796875 0.33515625
1 0.63359375 0.3171875 0.25 0.3484375
1 0.859375 0.28359375 0.1921875 0.3171875
1 0.328125 0.57578125 0.13828125 0.19609375
1 0.47578125 0.60078125 0.15625 0.2453125
1 0.65859375 0.60234375 0.14765625 0.2140625
1 0.82109375 0.5890625 0.1515625 0.2859375
1 0.13203125 0.59609375 0.21875 0.32578125
0 0.25703125 0.5984375 0.04921875 0.0890625
0 0.3953125 0.57109375 0.02265625 0.0890625
0 0.578125 0.58671875 0.03984375 0.1296875
0 0.7296875 0.57578125 0.01328125 0.10703125