1 0.13203125 0.3328125 0.21015625 0.33515625
1 0.39765625 0.31953125 0.30390625 0.32578125
1 0.6828125 0.3328125 0.26796875 0.3703125
1 0.8953125 0.34609375 0.15625 0.3078125
1 0.10078125 0.66328125 0.1296875 0.3078125
1 0.28984375 0.65390625 0.2234375 0.3078125
1 0.4796875 0.63203125 0.1921875 0.27265625
1 0.64921875 0.63828125 0.16484375 0.29453125
0 0.23671875 0.3859375 0.0359375 0.11171875
0 0.54453125 0.41953125 0.0265625 0.0984375
0 0.7546875 0.52421875 0.04453125 0.04921875
0 0.38828125 0.5734375 0.0359375 0.10234375