1 0.878125 0.50625 0.24375 0.315625
1 0.67265625 0.43515625 0.3296875 0.340625
1 0.38828125 0.359375 0.321875 0.3796875
1 0.16875 0.3 0.2296875 0.3328125
1 0.92421875 0.72421875 0.1109375 0.19375
1 0.7953125 0.71015625 0.184375 0.190625
1 0.64453125 0.675 0.19375 0.2171875
1 0.475 0.65703125 0.2203125 0.2609375
1 0.31328125 0.60390625 0.1765625 0.2140625
1 0.14140625 0.575 0.2421875 0.2828125
1 0.0390625 0.52265625 0.078125 0.2234375
0 0.81796875 0.490625 0.1046875 0.0984375
0 0.52421875 0.42578125 0.059375 0.1
0 0.871875 0.70703125 0.0578125 0.0921875
0 0.73359375 0.690625 0.0921875 0.0953125
0 0.56484375 0.6359375 0.0671875 0.109375
0 0.396875 0.5796875 0.06875 0.103125
0 0.25546875 0.546875 0.0734375 0.103125
0 0.0875 0.4234375 0.1140625 0.0671875