1 0.1140625 0.4171875 0.21875 0.27265625
1 0.34609375 0.39765625 0.27265625 0.2859375
1 0.640625 0.38828125 0.2546875 0.33046875
1 0.86796875 0.3796875 0.16484375 0.30390625
1 0.0359375 0.62265625 0.07109375 0.1828125
1 0.16484375 0.63828125 0.1515625 0.1609375
1 0.31953125 0.63828125 0.15625 0.1875
1 0.4890625 0.65859375 0.17421875 0.22734375
1 0.65859375 0.64296875 0.13828125 0.1875
1 0.8328125 0.65390625 0.1921875 0.2453125
1 0.96171875 0.6296875 0.0671875 0.2140625
0 0.1921875 0.41953125 0.0890625 0.08046875
0 0.49296875 0.421875 0.03984375 0.09375
0 0.09140625 0.61796875 0.03984375 0.08515625
0 0.2296875 0.63359375 0.07578125 0.08046875
0 0.40625 0.61796875 0.04453125 0.10234375
0 0.5828125 0.60078125 0.04921875 0.09375
0 0.72734375 0.60078125 0.05390625 0.09375
0 0.91953125 0.51796875 0.10703125 0.04453125