1 0.1046875 0.565625 0.209375 0.278125
1 0.30859375 0.6140625 0.29375 0.3046875
1 0.5890625 0.68125 0.3578125 0.346875
1 0.83046875 0.7375 0.2375 0.3125
1 0.07734375 0.30703125 0.1484375 0.2859375
1 0.22109375 0.3078125 0.2453125 0.29375
1 0.40390625 0.38359375 0.2328125 0.25
1 0.58828125 0.409375 0.2359375 0.25
1 0.76015625 0.4546875 0.2421875 0.2765625
1 0.90859375 0.43984375 0.1828125 0.3453125
0 0.46015625 0.60078125 0.0484375 0.1109375
0 0.74375 0.6953125 0.0484375 0.05625
0 0.32421875 0.35078125 0.0515625 0.0640625
0 0.478125 0.4109375 0.040625 0.071875
0 0.65546875 0.4125 0.0515625 0.08125
0 0.8375 0.46875 0.040625 0.0875