1 0.91328125 0.58984375 0.1734375 0.2828125
1 0.696875 0.628125 0.365625 0.3890625
1 0.39609375 0.67578125 0.3421875 0.359375
1 0.140625 0.70234375 0.240625 0.3109375
1 0.88046875 0.30234375 0.203125 0.3109375
1 0.7140625 0.31484375 0.2265625 0.303125
1 0.553125 0.35078125 0.2125 0.3125
1 0.38828125 0.37421875 0.2296875 0.3171875
1 0.2328125 0.4171875 0.203125 0.2734375
1 0.0921875 0.42890625 0.184375 0.3015625
0 0.80546875 0.32578125 0.0671875 0.09375
0 0.63828125 0.346875 0.0578125 0.075
0 0.16875 0.43203125 0.040625 0.071875
0 0.4734375 0.38515625 0.06875 0.11875
0 0.3125 0.3921875 0.0609375 0.1046875
0 0.89140625 0.1921875 0.0671875 0.078125
0 0.70625 0.21171875 0.0828125 0.05625
0 0.521875 0.246875 0.08125 0.0515625