1 0.10234375 0.31484375 0.1515625 0.2546875
1 0.33671875 0.33046875 0.29921875 0.33046875
1 0.640625 0.35234375 0.28125 0.30390625
1 0.8953125 0.38359375 0.1828125 0.2765625
1 0.08515625 0.60703125 0.14296875 0.2859375
1 0.25 0.63203125 0.16953125 0.27265625
1 0.41484375 0.63359375 0.1515625 0.2859375
1 0.58046875 0.64765625 0.16953125 0.2859375
1 0.74140625 0.640625 0.1515625 0.2453125
1 0.8953125 0.66328125 0.15625 0.27265625
0 0.16328125 0.60078125 0.04921875 0.08515625
0 0.33046875 0.61796875 0.04453125 0.0671875
0 0.8078125 0.640625 0.0265625 0.0671875
0 0.5 0.61796875 0.04453125 0.11171875
0 0.65859375 0.64765625 0.03984375 0.0984375
0 0.04921875 0.71171875 0.05390625 0.0671875
0 0.234375 0.734375 0.07578125 0.03984375
0 0.421875 0.74140625 0.07578125 0.0359375