1 0.08828125 0.58828125 0.1546875 0.1921875
1 0.30625 0.61796875 0.2828125 0.2953125
1 0.59609375 0.64609375 0.284375 0.3296875
1 0.846875 0.6640625 0.234375 0.3109375
1 0.03671875 0.40546875 0.0734375 0.1765625
1 0.12265625 0.36875 0.1375 0.25
1 0.29921875 0.36328125 0.1859375 0.2296875
1 0.4703125 0.3828125 0.1546875 0.21875
1 0.65 0.3734375 0.190625 0.2328125
1 0.82265625 0.40625 0.15625 0.2421875
1 0.95234375 0.39921875 0.0953125 0.2890625
0 0.05 0.40625 0.04375 0.1125
0 0.2015625 0.40078125 0.034375 0.08125
0 0.3890625 0.40703125 0.0421875 0.0640625
0 0.56015625 0.42890625 0.028125 0.059375
0 0.03046875 0.6484375 0.046875 0.071875
0 0.74453125 0.421875 0.0203125 0.0671875
0 0.74375 0.69140625 0.0375 0.0640625