0 0.659375 0.44140625 0.0609375 0.1359375
0 0.46328125 0.4015625 0.0453125 0.1140625
0 0.22109375 0.66015625 0.0328125 0.046875
0 0.51328125 0.64140625 0.0546875 0.096875
1 0.87109375 0.67578125 0.2 0.26875
1 0.64453125 0.6796875 0.2703125 0.3125
1 0.36328125 0.68046875 0.296875 0.3265625
1 0.12421875 0.66328125 0.2203125 0.2875
1 0.9125 0.3890625 0.175 0.278125
1 0.74296875 0.38515625 0.2015625 0.290625
1 0.55546875 0.38671875 0.2109375 0.2859375
1 0.3703125 0.38359375 0.2234375 0.2828125
1 0.1984375 0.375 0.1765625 0.2984375
1 0.0609375 0.36015625 0.1140625 0.3171875