0 0.6671875 0.53046875 0.0828125 0.1421875
0 0.48046875 0.603125 0.0640625 0.1171875
0 0.19765625 0.39140625 0.040625 0.05
0 0.48828125 0.35859375 0.06875 0.103125
1 0.83515625 0.2625 0.240625 0.29375
1 0.6109375 0.29765625 0.315625 0.3484375
1 0.33359375 0.34609375 0.34375 0.3671875
1 0.11640625 0.403125 0.2328125 0.315625
1 0.90859375 0.53671875 0.1828125 0.3015625
1 0.759375 0.57109375 0.2453125 0.315625
1 0.57421875 0.60234375 0.253125 0.3140625
1 0.3921875 0.6375 0.265625 0.3125
1 0.225 0.67578125 0.221875 0.31875
1 0.09140625 0.7140625 0.165625 0.3265625