1 0.13203125 0.35234375 0.20078125 0.2859375
1 0.375 0.31953125 0.30390625 0.35234375
1 0.1359375 0.671875 0.1828125 0.32578125
1 0.296875 0.6359375 0.1921875 0.28125
1 0.65390625 0.2921875 0.28984375 0.33515625
1 0.47578125 0.6203125 0.15625 0.3125
1 0.64765625 0.609375 0.17890625 0.3078125
1 0.8328125 0.609375 0.17421875 0.28125
1 0.86171875 0.3078125 0.17890625 0.25
0 0.22109375 0.65390625 0.04921875 0.08515625
0 0.5671875 0.5890625 0.0359375 0.07109375
0 0.7390625 0.58671875 0.04921875 0.07578125
0 0.40625 0.63359375 0.0359375 0.08046875
0 0.5 0.75234375 0.08046875 0.04921875
0 0.65390625 0.73671875 0.07578125 0.04453125
0 0.91484375 0.61171875 0.0359375 0.07109375