1 0.175 0.2734375 0.259375 0.3234375
1 0.41875 0.29609375 0.375 0.4109375
1 0.115625 0.58515625 0.23125 0.3578125
1 0.271875 0.58671875 0.25 0.3171875
1 0.696875 0.33203125 0.3578125 0.3921875
1 0.44921875 0.61171875 0.221875 0.3390625
1 0.61953125 0.63984375 0.24375 0.340625
1 0.8 0.68125 0.2328125 0.3125
1 0.88984375 0.39375 0.2203125 0.284375
0 0.19375 0.5875 0.0671875 0.09375
0 0.5453125 0.6015625 0.0515625 0.078125
0 0.71328125 0.63828125 0.065625 0.084375
0 0.37890625 0.609375 0.053125 0.0859375
0 0.44296875 0.74609375 0.0890625 0.065625
0 0.596875 0.765625 0.084375 0.0609375
0 0.87890625 0.70234375 0.0515625 0.078125