0 0.5125 0.36015625 0.05625 0.0984375
0 0.23984375 0.33125 0.0515625 0.10625
0 0.54453125 0.54375 0.0484375 0.10625
0 0.7890625 0.3984375 0.0515625 0.10625
1 0.88359375 0.3515625 0.2328125 0.296875
1 0.6625 0.33359375 0.3265625 0.35
1 0.39453125 0.29375 0.2984375 0.36875
1 0.146875 0.2609375 0.2328125 0.3296875
1 0.93515625 0.61796875 0.1296875 0.2734375
1 0.7859375 0.60703125 0.228125 0.2640625
1 0.621875 0.6203125 0.2046875 0.2828125
1 0.45703125 0.609375 0.1890625 0.2890625
1 0.27734375 0.58984375 0.20625 0.2609375
1 0.1078125 0.56875 0.215625 0.321875