0 0.7125 0.33828125 0.0453125 0.0796875
0 0.878125 0.290625 0.0484375 0.0765625
0 0.54609375 0.384375 0.059375 0.0921875
0 0.38046875 0.37734375 0.06875 0.0890625
0 0.60078125 0.22578125 0.1 0.078125
0 0.44609375 0.23515625 0.084375 0.0625
0 0.0046875 0.45078125 0.009375 0.0796875
1 0.1828125 0.728125 0.2328125 0.3109375
1 0.425 0.6984375 0.3375 0.390625
1 0.6796875 0.6515625 0.3453125 0.3875
1 0.88984375 0.62421875 0.215625 0.3125
1 0.10703125 0.41875 0.2140625 0.38125
1 0.27421875 0.403125 0.253125 0.328125
1 0.45 0.36171875 0.2390625 0.3203125
1 0.6328125 0.33828125 0.25 0.3359375
1 0.8046875 0.30234375 0.2296875 0.29375
1 0.92109375 0.26640625 0.1484375 0.3953125