0 0.2453125 0.41328125 0.08046875 0.14765625
0 0.2234375 0.61171875 0.05390625 0.10703125
0 0.34375 0.63828125 0.04453125 0.0890625
0 0.50703125 0.6671875 0.03125 0.10234375
0 0.64765625 0.671875 0.0359375 0.07578125
0 0.82109375 0.66953125 0.05390625 0.08046875
0 0.50859375 0.44453125 0.04453125 0.08515625
0 0.88828125 0.359375 0.0625 0.0578125
0 0.9640625 0.4109375 0.0359375 0.08046875
0 0.609375 0.34609375 0.0578125 0.04921875
1 0.14921875 0.36796875 0.20078125 0.29921875
1 0.38828125 0.3703125 0.25 0.29453125
1 0.640625 0.39765625 0.28125 0.29453125
1 0.8640625 0.40859375 0.20078125 0.26328125
1 0.12734375 0.65859375 0.1828125 0.28984375
1 0.296875 0.63359375 0.1296875 0.23203125
1 0.42890625 0.68984375 0.1515625 0.2546875
1 0.5828125 0.6671875 0.15625 0.2453125
1 0.7234375 0.671875 0.17890625 0.2453125
1 0.90625 0.70078125 0.17890625 0.29453125