1 0.11953125 0.6171875 0.2265625 0.3140625
1 0.353125 0.63046875 0.2859375 0.3421875
1 0.62578125 0.65234375 0.2875 0.3546875
1 0.85859375 0.6765625 0.209375 0.3109375
1 0.07578125 0.3078125 0.1453125 0.3046875
1 0.23515625 0.3078125 0.20625 0.334375
1 0.41875 0.29453125 0.2421875 0.3765625
1 0.59765625 0.321875 0.234375 0.35
1 0.76875 0.3578125 0.2203125 0.2953125
1 0.92890625 0.38125 0.1421875 0.29375
0 0.2078125 0.58671875 0.0484375 0.128125
0 0.1546875 0.51796875 0.1421875 0.059375
0 0.76171875 0.63046875 0.0453125 0.1359375
0 0.22265625 0.2171875 0.1421875 0.1421875
0 0.1359375 0.29609375 0.05625 0.1203125
0 0.3109375 0.33203125 0.059375 0.146875
0 0.06640625 0.22109375 0.0609375 0.0765625
0 0.5015625 0.33828125 0.0640625 0.146875
0 0.45078125 0.17578125 0.1578125 0.121875
0 0.68671875 0.3671875 0.071875 0.1484375
0 0.6234375 0.20078125 0.1203125 0.096875
0 0.87265625 0.36875 0.053125 0.084375