0 0.665625 0.4125 0.06875 0.1046875
0 0.4765625 0.3625 0.06875 0.13125
0 0.22265625 0.58046875 0.059375 0.090625
0 0.50546875 0.60390625 0.0484375 0.1015625
0 0.2828125 0.36796875 0.0390625 0.1046875
0 0.75078125 0.696875 0.0640625 0.0859375
1 0.846875 0.69140625 0.190625 0.303125
1 0.64140625 0.66640625 0.2953125 0.3421875
1 0.37109375 0.6328125 0.3234375 0.353125
1 0.12109375 0.58203125 0.240625 0.321875
1 0.91171875 0.39609375 0.1765625 0.3078125
1 0.77421875 0.37890625 0.2 0.3171875
1 0.5703125 0.3515625 0.24375 0.309375
1 0.3828125 0.31953125 0.2125 0.30625
1 0.20703125 0.28203125 0.2046875 0.3171875
1 0.08203125 0.24375 0.1359375 0.3171875