0 0.49765625 0.49765625 0.9953125 0.9953125
0 0.98203125 0.38828125 0.0265625 0.2234375
1 0.3171875 0.33671875 0.29453125 0.33515625
1 0.625 0.3546875 0.29453125 0.3171875
1 0.88203125 0.36796875 0.1828125 0.26328125
1 0.10234375 0.33046875 0.1515625 0.26796875
1 0.40390625 0.63203125 0.16484375 0.28984375
1 0.56953125 0.640625 0.16484375 0.28125
1 0.01796875 0.3484375 0.0359375 0.26796875
1 0.234375 0.640625 0.17421875 0.28125
1 0.88359375 0.63828125 0.16953125 0.2765625
1 0.08046875 0.63203125 0.14296875 0.28984375