1 0.10078125 0.38671875 0.2015625 0.2921875
1 0.325 0.346875 0.33125 0.378125
1 0.596875 0.28125 0.3171875 0.3765625
1 0.83515625 0.2484375 0.2390625 0.3125
1 0.1015625 0.69453125 0.2 0.340625
1 0.265625 0.67109375 0.2140625 0.321875
1 0.43671875 0.65234375 0.2171875 0.3140625
1 0.6125 0.62421875 0.20625 0.303125
1 0.7875 0.57265625 0.2109375 0.3
1 0.91953125 0.54296875 0.1609375 0.3578125
0 0.34375 0.65859375 0.0640625 0.075
0 0.534375 0.6453125 0.046875 0.0546875
0 0.2390625 0.77890625 0.05625 0.05625