0 0.20078125 0.6875 0.10703125 0.07109375
0 0.1203125 0.57578125 0.04453125 0.0625
0 0.33046875 0.58671875 0.0625 0.0671875
0 0.38203125 0.6515625 0.08515625 0.10703125
0 0.4734375 0.5890625 0.08046875 0.08046875
0 0.5625 0.71875 0.07109375 0.07109375
0 0.65859375 0.609375 0.03984375 0.0578125
0 0.50859375 0.34375 0.0265625 0.04453125
0 0.08046875 0.61640625 0.04453125 0.04453125
1 0.13203125 0.34140625 0.21015625 0.2453125
1 0.3703125 0.36796875 0.26796875 0.27265625
1 0.6453125 0.38203125 0.2546875 0.27265625
1 0.86796875 0.3796875 0.17421875 0.25
1 0.0515625 0.57109375 0.10234375 0.24140625
1 0.21640625 0.609375 0.17421875 0.27265625
1 0.40625 0.61640625 0.17890625 0.2140625
1 0.58515625 0.640625 0.17890625 0.27265625
1 0.7453125 0.64296875 0.1515625 0.2234375
1 0.90390625 0.6609375 0.15625 0.24140625