1 0.12734375 0.6359375 0.184375 0.2953125
1 0.37265625 0.6296875 0.2734375 0.321875
1 0.653125 0.65546875 0.271875 0.384375
1 0.8828125 0.6515625 0.175 0.31875
1 0.178125 0.29453125 0.1953125 0.3671875
1 0.36484375 0.353125 0.1875 0.2375
1 0.53984375 0.36875 0.1859375 0.2015625
1 0.67265625 0.3265625 0.153125 0.2953125
1 0.8734375 0.31953125 0.1984375 0.3234375
0 0.225 0.6078125 0.0515625 0.0828125
0 0.51015625 0.5828125 0.0328125 0.06875
0 0.45 0.41484375 0.0265625 0.103125
0 0.60546875 0.378125 0.071875 0.15
0 0.771875 0.35703125 0.0484375 0.1078125
0 0.284375 0.39375 0.0421875 0.06875
0 0.10390625 0.35078125 0.04375 0.121875
0 0.159375 0.15234375 0.0875 0.0703125