1 0.9046875 0.3828125 0.1875 0.24375
1 0.69296875 0.35234375 0.2765625 0.33125
1 0.4296875 0.31953125 0.3078125 0.34375
1 0.209375 0.29921875 0.2171875 0.26875
1 0.91640625 0.65078125 0.1671875 0.3171875
1 0.76875 0.65390625 0.1828125 0.2828125
1 0.58671875 0.6421875 0.21875 0.28125
1 0.41640625 0.6328125 0.2 0.271875
1 0.2625 0.5984375 0.165625 0.2765625
1 0.09765625 0.5703125 0.1671875 0.3328125
0 0.83984375 0.634375 0.053125 0.09375
0 0.79765625 0.728125 0.05625 0.0671875
0 0.6796875 0.653125 0.034375 0.0296875
0 0.51015625 0.61953125 0.0421875 0.0609375
0 0.015625 0.5453125 0.03125 0.078125
0 0.3390625 0.60390625 0.028125 0.05625