1 0.90546875 0.39765625 0.1890625 0.2484375
1 0.6984375 0.359375 0.2859375 0.3390625
1 0.4359375 0.3171875 0.31875 0.353125
1 0.21640625 0.2890625 0.225 0.275
1 0.9109375 0.66484375 0.178125 0.3203125
1 0.76328125 0.66328125 0.1921875 0.2875
1 0.58125 0.64453125 0.2265625 0.2875
1 0.41171875 0.6296875 0.2078125 0.2765625
1 0.259375 0.58984375 0.1734375 0.2796875
1 0.0953125 0.55625 0.1765625 0.3359375
0 0.83515625 0.646875 0.05625 0.09375
0 0.7890625 0.73828125 0.0578125 0.06875
0 0.67421875 0.659375 0.034375 0.03125
0 0.50625 0.6203125 0.04375 0.0625
0 0.01640625 0.528125 0.0328125 0.078125
0 0.33515625 0.5984375 0.0296875 0.05625