1 0.13984375 0.60234375 0.2203125 0.3671875
1 0.36796875 0.57890625 0.3328125 0.3984375
1 0.659375 0.60390625 0.3546875 0.5109375
1 0.875 0.6046875 0.2234375 0.4328125
1 0.1484375 0.26875 0.2046875 0.321875
1 0.03125 0.2546875 0.0625 0.284375
1 0.33125 0.26015625 0.203125 0.3046875
1 0.4890625 0.26015625 0.1796875 0.2625
1 0.6265625 0.2125 0.24375 0.425
1 0.8234375 0.19921875 0.265625 0.3984375
0 0.48984375 0.50859375 0.0390625 0.140625
0 0.23828125 0.309375 0.046875 0.096875
0 0.065625 0.275 0.0484375 0.1453125
0 0.4078125 0.3203125 0.046875 0.1328125
0 0.553125 0.2734375 0.0796875 0.15
0 0.72421875 0.2546875 0.075 0.14375
0 0.30546875 0.1375 0.053125 0.0421875