1 0.12734375 0.53828125 0.196875 0.3578125
1 0.35625 0.5546875 0.309375 0.38125
1 0.6390625 0.63046875 0.3234375 0.4921875
1 0.85078125 0.66796875 0.1953125 0.4234375
1 0.19375 0.2109375 0.1859375 0.3125
1 0.05625 0.17265625 0.09375 0.2796875
1 0.37578125 0.234375 0.184375 0.29375
1 0.53046875 0.2625 0.1640625 0.253125
1 0.675 0.23828125 0.2171875 0.415625
1 0.87265625 0.24921875 0.2390625 0.4078125
0 0.4890625 0.50625 0.0296875 0.1390625
0 0.275 0.2671875 0.040625 0.0953125
0 0.1109375 0.20234375 0.0390625 0.14375
0 0.440625 0.30703125 0.0375 0.13125
0 0.5921875 0.2859375 0.0703125 0.1453125
0 0.76328125 0.296875 0.065625 0.140625
0 0.37109375 0.109375 0.0515625 0.0390625