1 0.86796875 0.3515625 0.20625 0.290625
1 0.64375 0.35546875 0.2703125 0.325
1 0.37578125 0.34375 0.30625 0.321875
1 0.146875 0.3203125 0.2296875 0.3234375
1 0.93046875 0.6390625 0.1390625 0.2921875
1 0.76875 0.65234375 0.203125 0.3140625
1 0.57578125 0.68046875 0.2046875 0.34375
1 0.40859375 0.66484375 0.2078125 0.321875
1 0.22734375 0.63359375 0.1875 0.2765625
1 0.0734375 0.6203125 0.146875 0.29375
0 0.7703125 0.36640625 0.0484375 0.090625
0 0.83359375 0.45 0.11875 0.06875
0 0.8609375 0.64609375 0.0640625 0.1234375
0 0.7875 0.7390625 0.1296875 0.1140625
0 0.93828125 0.7578125 0.0546875 0.034375
0 0.6859375 0.63046875 0.06875 0.1359375
0 0.56328125 0.7921875 0.153125 0.1015625
0 0.50859375 0.634375 0.0828125 0.128125
0 0.384375 0.778125 0.078125 0.0609375
0 0.3234375 0.62421875 0.059375 0.109375
0 0.14453125 0.62890625 0.040625 0.090625
0 0.21953125 0.73828125 0.0640625 0.0265625