1 0.159375 0.7484375 0.1921875 0.2625
1 0.3640625 0.71953125 0.328125 0.3546875
1 0.63671875 0.63203125 0.35 0.3796875
1 0.85390625 0.5265625 0.215625 0.265625
1 0.08515625 0.525 0.1703125 0.296875
1 0.25 0.475 0.2421875 0.2875
1 0.4203125 0.4578125 0.1546875 0.196875
1 0.5625 0.371875 0.2375 0.25
1 0.7328125 0.3265625 0.2015625 0.253125
1 0.87578125 0.25390625 0.2078125 0.3125
0 0.159375 0.49921875 0.0578125 0.0671875
0 0.340625 0.45234375 0.0453125 0.084375
0 0.459375 0.42109375 0.0484375 0.08125
0 0.634375 0.35625 0.05625 0.0625
0 0.80390625 0.29765625 0.059375 0.0765625