1 0.88125 0.603125 0.2328125 0.284375
1 0.6484375 0.61015625 0.2875 0.3
1 0.35390625 0.60390625 0.271875 0.34375
1 0.1265625 0.60078125 0.18125 0.3125
1 0.9640625 0.40078125 0.071875 0.1859375
1 0.8421875 0.3796875 0.159375 0.16875
1 0.6875 0.37109375 0.165625 0.1953125
1 0.51953125 0.3421875 0.1859375 0.2359375
1 0.34921875 0.34921875 0.1484375 0.19375
1 0.17578125 0.32890625 0.2046875 0.2546875
1 0.0453125 0.34609375 0.078125 0.2171875
0 0.803125 0.59609375 0.09375 0.084375
0 0.503125 0.578125 0.0453125 0.0953125
0 0.9140625 0.40390625 0.04375 0.0875
0 0.7765625 0.38046875 0.0796875 0.084375
0 0.6 0.38671875 0.05 0.1046875
0 0.42265625 0.3953125 0.0546875 0.096875
0 0.278125 0.3875 0.059375 0.096875
0 0.08203125 0.46015625 0.109375 0.05