1 0.11796875 0.35078125 0.1828125 0.2453125
1 0.33671875 0.3484375 0.2453125 0.25859375
1 0.625 0.34140625 0.30390625 0.28984375
1 0.87265625 0.33671875 0.1828125 0.28125
1 0.046875 0.60078125 0.09375 0.27265625
1 0.1875 0.6296875 0.19609375 0.25859375
1 0.38203125 0.59375 0.1921875 0.2140625
1 0.5671875 0.60703125 0.19609375 0.2140625
1 0.7453125 0.5984375 0.19609375 0.24140625
1 0.9109375 0.64921875 0.16953125 0.3171875
0 0.48203125 0.39296875 0.0265625 0.10703125
0 0.77890625 0.359375 0.03984375 0.04921875
0 0.296875 0.609375 0.03984375 0.0578125
0 0.46015625 0.5828125 0.0265625 0.0671875
0 0.63359375 0.61796875 0.0359375 0.07578125
0 0.8234375 0.60078125 0.02265625 0.08515625