1 0.1203125 0.34375 0.1875 0.2484375
1 0.3390625 0.3453125 0.25 0.2625
1 0.628125 0.34375 0.309375 0.2953125
1 0.87578125 0.34296875 0.1875 0.284375
1 0.046875 0.5921875 0.09375 0.275
1 0.18515625 0.62421875 0.2 0.2625
1 0.38046875 0.59140625 0.1953125 0.2171875
1 0.565625 0.6078125 0.2 0.2171875
1 0.74375 0.60234375 0.2 0.2453125
1 0.90859375 0.65625 0.175 0.3203125
0 0.48359375 0.39296875 0.028125 0.1078125
0 0.78125 0.3640625 0.040625 0.05
0 0.2953125 0.60546875 0.040625 0.0578125
0 0.45859375 0.58203125 0.028125 0.0671875
0 0.63125 0.6203125 0.0375 0.0765625
0 0.821875 0.60625 0.0234375 0.0859375