1 0.109375 0.30078125 0.1609375 0.259375
1 0.34296875 0.325 0.3109375 0.340625
1 0.6453125 0.35703125 0.2921875 0.3140625
1 0.89921875 0.39765625 0.1921875 0.2828125
1 0.08203125 0.5921875 0.153125 0.290625
1 0.2453125 0.6234375 0.1796875 0.278125
1 0.41015625 0.63046875 0.1609375 0.290625
1 0.575 0.65 0.1796875 0.2921875
1 0.73671875 0.64921875 0.159375 0.25
1 0.8890625 0.67734375 0.165625 0.278125
0 0.16015625 0.5890625 0.0515625 0.0875
0 0.3265625 0.61171875 0.046875 0.06875
0 0.80234375 0.6515625 0.028125 0.06875
0 0.49609375 0.61796875 0.0484375 0.1125
0 0.653125 0.653125 0.04375 0.1
0 0.0421875 0.69609375 0.05625 0.06875
0 0.2265625 0.725 0.0765625 0.0421875
0 0.41328125 0.73828125 0.0765625 0.0390625