1 0.13203125 0.2953125 0.190625 0.21875
1 0.34921875 0.33046875 0.3375 0.346875
1 0.634375 0.38828125 0.346875 0.38125
1 0.86640625 0.44453125 0.2671875 0.3515625
1 0.04140625 0.45390625 0.0828125 0.1859375
1 0.10078125 0.51484375 0.1890625 0.2703125
1 0.26796875 0.571875 0.23125 0.2625
1 0.4375 0.60390625 0.1984375 0.2453125
1 0.60625 0.66484375 0.2359375 0.2671875
1 0.78125 0.68359375 0.203125 0.2671875
1 0.90546875 0.72890625 0.159375 0.3
0 0.0421875 0.4578125 0.0671875 0.11875
0 0.1859375 0.5078125 0.0515625 0.0859375
0 0.36640625 0.55625 0.0546875 0.0703125
0 0.53671875 0.5859375 0.040625 0.0625
0 0.09453125 0.2203125 0.0609375 0.0796875
0 0.7109375 0.64609375 0.034375 0.0703125
0 0.7890625 0.38828125 0.0515625 0.0703125