0 0.34375 0.5671875 0.05390625 0.13359375
0 0.5421875 0.59609375 0.03984375 0.11171875
0 0.7703125 0.32578125 0.03125 0.04453125
0 0.4796875 0.359375 0.04921875 0.09375
1 0.1203125 0.34375 0.1875 0.25859375
1 0.34609375 0.328125 0.2546875 0.29921875
1 0.62734375 0.3125 0.28125 0.3125
1 0.86640625 0.3171875 0.20546875 0.2765625
1 0.08671875 0.6328125 0.1734375 0.26875
1 0.26328125 0.62734375 0.1875 0.28125
1 0.45078125 0.61640625 0.19609375 0.2765625
1 0.6359375 0.609375 0.21015625 0.27265625
1 0.8078125 0.609375 0.1609375 0.28984375
1 0.94609375 0.61640625 0.0984375 0.3125