0 0.5046875 0.359375 0.04453125 0.09375
0 0.77890625 0.3640625 0.03984375 0.10234375
0 0.45078125 0.53828125 0.0359375 0.10234375
0 0.22578125 0.3640625 0.03984375 0.10234375
1 0.13203125 0.30546875 0.21015625 0.27265625
1 0.359375 0.31484375 0.28984375 0.3171875
1 0.6296875 0.3078125 0.25859375 0.3390625
1 0.8796875 0.30546875 0.19609375 0.3078125
1 0.0515625 0.56484375 0.10234375 0.26328125
1 0.203125 0.57109375 0.20078125 0.24140625
1 0.3640625 0.6046875 0.17421875 0.26328125
1 0.52890625 0.6140625 0.15625 0.27265625
1 0.71015625 0.61640625 0.17890625 0.24140625
1 0.89296875 0.61796875 0.20546875 0.29921875