0 0.246875 0.41640625 0.0421875 0.0796875
0 0.07421875 0.425 0.0453125 0.075
0 0.41875 0.40546875 0.05625 0.090625
0 0.57265625 0.3453125 0.0640625 0.0875
0 0.31484375 0.2734375 0.096875 0.075
0 0.46484375 0.23203125 0.08125 0.059375
0 0.9640625 0.2890625 0.0328125 0.078125
1 0.87421875 0.6125 0.2203125 0.3046875
1 0.6359375 0.66328125 0.321875 0.378125
1 0.37890625 0.7015625 0.3296875 0.375
1 0.17109375 0.74453125 0.203125 0.30625
1 0.8515625 0.29296875 0.2125 0.3765625
1 0.68203125 0.33515625 0.2390625 0.3203125
1 0.50234375 0.353125 0.2265625 0.3125
1 0.321875 0.38984375 0.2359375 0.328125
1 0.14765625 0.4125 0.2171875 0.2859375
1 0.0453125 0.41484375 0.090625 0.3953125