0 0.7390625 0.61796875 0.03125 0.07578125
0 0.9109375 0.63359375 0.0359375 0.07109375
0 0.5671875 0.6046875 0.04453125 0.08515625
0 0.40625 0.64296875 0.05390625 0.08046875
0 0.6515625 0.75 0.0890625 0.0625
0 0.49765625 0.7703125 0.07578125 0.04921875
0 0.0109375 0.64453125 0.021875 0.0765625
1 0.1453125 0.33671875 0.1828125 0.28125
1 0.38828125 0.31953125 0.2765625 0.34375
1 0.64765625 0.3171875 0.2859375 0.3390625
1 0.859375 0.30390625 0.16484375 0.2859375
1 0.12265625 0.65625 0.16484375 0.35703125
1 0.296875 0.63828125 0.20078125 0.29453125
1 0.47734375 0.6453125 0.1875 0.28984375
1 0.6609375 0.63359375 0.19609375 0.30390625
1 0.83671875 0.6359375 0.1828125 0.26328125
1 0.9578125 0.64921875 0.07578125 0.38828125