0 0.1359375 0.51953125 0.0640625 0.096875
0 0.30078125 0.5609375 0.05625 0.0953125
0 0.4546875 0.6171875 0.0671875 0.121875
0 0.61640625 0.65078125 0.065625 0.11875
0 0.77578125 0.6859375 0.0625 0.1171875
1 0.08203125 0.52265625 0.1640625 0.2953125
1 0.2140625 0.56875 0.234375 0.30625
1 0.375 0.6046875 0.240625 0.3
1 0.5375 0.65390625 0.2265625 0.3046875
1 0.69296875 0.665625 0.1953125 0.2640625
1 0.8421875 0.72109375 0.2171875 0.303125
1 0.1578125 0.22890625 0.209375 0.284375
1 0.36796875 0.30078125 0.346875 0.3953125
1 0.65703125 0.38515625 0.3625 0.3796875
1 0.89296875 0.45859375 0.2140625 0.3046875