0 0.76328125 0.4453125 0.0984375 0.15625
0 0.7609375 0.64453125 0.0671875 0.1125
0 0.63828125 0.65625 0.0546875 0.09375
0 0.47265625 0.66484375 0.04375 0.1046875
0 0.3328125 0.65234375 0.0453125 0.0796875
0 0.1609375 0.62890625 0.0640625 0.0859375
0 0.4984375 0.44375 0.0546875 0.090625
0 0.13203125 0.31328125 0.06875 0.065625
0 0.05 0.3546875 0.0453125 0.084375
0 0.41015625 0.33359375 0.0640625 0.05625
1 0.8640625 0.41171875 0.2359375 0.321875
1 0.6265625 0.38515625 0.284375 0.3234375
1 0.37265625 0.38125 0.315625 0.3265625
1 0.15 0.36484375 0.23125 0.2859375
1 0.85078125 0.703125 0.2171875 0.309375
1 0.68515625 0.65703125 0.15625 0.246875
1 0.54765625 0.696875 0.18125 0.271875
1 0.39765625 0.65546875 0.184375 0.2625
1 0.25703125 0.64375 0.2078125 0.265625
1 0.08984375 0.64921875 0.1796875 0.3140625