0 0.26796875 0.71015625 0.0359375 0.0625
0 0.41953125 0.66953125 0.0265625 0.07109375
0 0.59140625 0.71640625 0.0578125 0.09375
0 0.74765625 0.71640625 0.03984375 0.0671875
1 0.1203125 0.3015625 0.17890625 0.29921875
1 0.375 0.34609375 0.25859375 0.35234375
1 0.6359375 0.34609375 0.22734375 0.36171875
1 0.86640625 0.3484375 0.16953125 0.3390625
1 0.34609375 0.64296875 0.15625 0.25859375
1 0.5046875 0.6921875 0.1609375 0.2765625
1 0.6765625 0.6875 0.14765625 0.25859375
1 0.85234375 0.72578125 0.17890625 0.29921875
1 0.12265625 0.67890625 0.21875 0.33046875