1 0.178125 0.265625 0.2578125 0.33125
1 0.40390625 0.32890625 0.31875 0.365625
1 0.66796875 0.396875 0.321875 0.3796875
1 0.88828125 0.44921875 0.2234375 0.3265625
1 0.0625 0.54375 0.125 0.3125
1 0.18671875 0.5953125 0.240625 0.3484375
1 0.35625 0.66796875 0.28125 0.39375
1 0.53359375 0.7 0.2703125 0.3671875
1 0.7078125 0.721875 0.25 0.3125
1 0.87890625 0.7546875 0.1984375 0.3046875
0 0.25234375 0.3234375 0.0625 0.1296875
0 0.1796875 0.3703125 0.1453125 0.075
0 0.78984375 0.46171875 0.0609375 0.1375
0 0.1453125 0.67734375 0.15625 0.15625
0 0.0890625 0.57421875 0.0703125 0.1234375
0 0.26640625 0.59765625 0.075 0.15
0 0.01640625 0.621875 0.0328125 0.08125
0 0.4484375 0.653125 0.0796875 0.15
0 0.34765625 0.790625 0.1671875 0.1375
0 0.63359375 0.68671875 0.0890625 0.1515625
0 0.51953125 0.82265625 0.128125 0.1078125
0 0.809375 0.7453125 0.0609375 0.0890625