1 0.13359375 0.34375 0.19609375 0.29453125
1 0.36796875 0.3546875 0.2546875 0.3171875
1 0.640625 0.36171875 0.2546875 0.33046875
1 0.875 0.36171875 0.17890625 0.29453125
1 0.0578125 0.646875 0.115625 0.29375
1 0.21640625 0.66328125 0.17421875 0.3171875
1 0.39765625 0.69609375 0.20546875 0.35703125
1 0.578125 0.6875 0.20078125 0.33046875
1 0.75234375 0.66953125 0.1921875 0.2765625
1 0.9265625 0.66328125 0.13828125 0.28125
0 0.21875 0.38359375 0.0359375 0.125
0 0.15859375 0.44609375 0.13828125 0.04453125
0 0.77421875 0.39765625 0.03125 0.13359375
0 0.19453125 0.75234375 0.1296875 0.1296875
0 0.11640625 0.66484375 0.04453125 0.11640625
0 0.29453125 0.64765625 0.04453125 0.14296875
0 0.03984375 0.73203125 0.05390625 0.07109375
0 0.484375 0.6609375 0.04921875 0.14296875
0 0.4171875 0.8171875 0.14765625 0.10703125
0 0.671875 0.6515625 0.0578125 0.14296875
0 0.59140625 0.81015625 0.11171875 0.08515625
0 0.85703125 0.66953125 0.04453125 0.08046875