0 0.49765625 0.49765625 0.9953125 0.9953125
1 0.6359375 0.390625 0.3078125 0.26328125
1 0.33046875 0.375 0.3125 0.2765625
1 0.8703125 0.40625 0.19609375 0.2140625
1 0.5 0.6359375 0.20546875 0.2546875
1 0.88359375 0.64296875 0.17890625 0.2859375
1 0.97109375 0.390625 0.04921875 0.2546875
1 0.58515625 0.03125 0.82109375 0.0625
1 0.10078125 0.40859375 0.16484375 0.21875
1 0.015625 0.36640625 0.03125 0.19609375
1 0.70078125 0.625 0.20546875 0.2234375
1 0.296875 0.62265625 0.21875 0.2453125
1 0.9796875 0.63828125 0.03125 0.2140625