1 0.11796875 0.32578125 0.17421875 0.26796875
1 0.35078125 0.32109375 0.28125 0.3390625
1 0.6296875 0.29921875 0.26796875 0.3390625
1 0.8703125 0.30390625 0.19609375 0.2859375
1 0.07578125 0.6296875 0.1515625 0.32109375
1 0.24140625 0.63203125 0.16953125 0.29921875
1 0.41328125 0.640625 0.17421875 0.28984375
1 0.59140625 0.640625 0.16484375 0.28125
1 0.77265625 0.61640625 0.16953125 0.2765625
1 0.92421875 0.61171875 0.14296875 0.3390625
0 0.32109375 0.63203125 0.05390625 0.0671875
0 0.5109375 0.64921875 0.03984375 0.04921875
0 0.1984375 0.734375 0.04921875 0.04921875