1 0.14609375 0.72578125 0.209375 0.2890625
1 0.37734375 0.69765625 0.325 0.375
1 0.65625 0.68046875 0.3125 0.3734375
1 0.88828125 0.64296875 0.2234375 0.3109375
1 0.0796875 0.43046875 0.159375 0.3390625
1 0.22578125 0.40546875 0.209375 0.3203125
1 0.39453125 0.37265625 0.2125 0.3109375
1 0.57109375 0.34765625 0.203125 0.3015625
1 0.75390625 0.346875 0.20625 0.296875
1 0.9046875 0.33046875 0.1890625 0.35625
0 0.3046875 0.39453125 0.0625 0.0734375
0 0.48984375 0.35078125 0.046875 0.0546875
0 0.16875 0.31015625 0.05625 0.05625