0 0.23359375 0.73203125 0.1171875 0.0875
0 0.13671875 0.634375 0.053125 0.06875
0 0.34609375 0.6125 0.071875 0.0765625
0 0.40703125 0.66796875 0.1015625 0.11875
0 0.4875 0.5921875 0.0921875 0.0921875
0 0.59609375 0.70625 0.08125 0.08125
0 0.6734375 0.58359375 0.0484375 0.0640625
0 0.484375 0.34453125 0.0328125 0.0484375
0 0.10390625 0.68046875 0.0515625 0.0515625
1 0.1171875 0.4 0.234375 0.275
1 0.3515625 0.38984375 0.3078125 0.3109375
1 0.625 0.3609375 0.29375 0.309375
1 0.84453125 0.3234375 0.2109375 0.2734375
1 0.06875 0.63984375 0.1375 0.2546875
1 0.23671875 0.65234375 0.2140625 0.296875
1 0.42578125 0.6296875 0.2109375 0.2390625
1 0.60625 0.62578125 0.21875 0.296875
1 0.76484375 0.603125 0.184375 0.24375
1 0.9140625 0.5953125 0.171875 0.2625