1 0.140625 0.66796875 0.2078125 0.309375
1 0.384375 0.63984375 0.3 0.3421875
1 0.66640625 0.64140625 0.303125 0.403125
1 0.89453125 0.61796875 0.2015625 0.3296875
1 0.1609375 0.3234375 0.225 0.38125
1 0.353125 0.365625 0.20625 0.2515625
1 0.528125 0.365625 0.2015625 0.2171875
1 0.65703125 0.3125 0.1765625 0.3046875
1 0.85625 0.2875 0.225 0.3375
0 0.23515625 0.63203125 0.059375 0.0859375
0 0.5171875 0.58125 0.0390625 0.0703125
0 0.44296875 0.41953125 0.034375 0.1046875
0 0.59453125 0.36953125 0.084375 0.1546875
0 0.75859375 0.33359375 0.0578125 0.1109375
0 0.27578125 0.4125 0.0484375 0.071875
0 0.0921875 0.38515625 0.0546875 0.125
0 0.13046875 0.18359375 0.0921875 0.0765625