1 0.1296875 0.4421875 0.17890625 0.3484375
1 0.359375 0.4375 0.28984375 0.36640625
1 0.6453125 0.37734375 0.29921875 0.47734375
1 0.859375 0.35078125 0.17421875 0.41484375
1 0.17890625 0.77265625 0.16953125 0.30390625
1 0.03984375 0.80390625 0.0796875 0.2765625
1 0.36171875 0.75859375 0.16953125 0.2859375
1 0.51796875 0.7390625 0.1515625 0.2453125
1 0.6609375 0.7703125 0.19609375 0.40625
1 0.859375 0.7703125 0.21875 0.39765625
0 0.4890625 0.49296875 0.02265625 0.13828125
0 0.26328125 0.72109375 0.0359375 0.09375
0 0.09609375 0.7765625 0.03125 0.14296875
0 0.43046875 0.68984375 0.03125 0.1296875
0 0.58046875 0.71875 0.0625 0.14296875
0 0.75234375 0.71640625 0.0578125 0.13828125
0 0.35078125 0.88359375 0.04921875 0.0359375