1 0.1828125 0.22265625 0.29375 0.3984375
1 0.41171875 0.30078125 0.365625 0.4203125
1 0.66171875 0.37890625 0.3421875 0.378125
1 0.884375 0.43125 0.23125 0.36875
1 0.10078125 0.5171875 0.2015625 0.3375
1 0.27265625 0.571875 0.2125 0.2796875
1 0.42421875 0.61875 0.2140625 0.2734375
1 0.59296875 0.66328125 0.2140625 0.26875
1 0.753125 0.7125 0.2171875 0.303125
1 0.89375 0.75703125 0.178125 0.340625
0 0.25703125 0.31328125 0.0640625 0.125
0 0.05078125 0.4640625 0.0875 0.1390625
0 0.190625 0.521875 0.0640625 0.09375
0 0.515625 0.63046875 0.06875 0.0953125