1 0.14296875 0.35703125 0.2234375 0.30390625
1 0.37734375 0.3640625 0.23671875 0.32578125
1 0.6296875 0.41328125 0.25 0.29921875
1 0.85234375 0.40859375 0.20546875 0.28984375
1 0.04453125 0.6515625 0.08046875 0.24140625
1 0.14765625 0.671875 0.1875 0.34375
1 0.31953125 0.640625 0.14765625 0.27265625
1 0.48203125 0.71171875 0.1515625 0.26328125
1 0.63359375 0.69609375 0.1609375 0.25859375
1 0.77265625 0.68984375 0.16953125 0.27265625
1 0.89921875 0.72734375 0.1828125 0.3484375
0 0.21640625 0.40859375 0.07578125 0.16484375
0 0.59609375 0.33515625 0.03984375 0.0359375
0 0.24140625 0.6203125 0.04453125 0.10703125
0 0.3859375 0.6609375 0.03984375 0.10703125
0 0.5515625 0.70546875 0.04921875 0.11640625
0 0.6921875 0.68515625 0.04453125 0.07578125
0 0.85078125 0.6921875 0.04921875 0.05390625