1 0.8921875 0.6015625 0.215625 0.3375
1 0.678125 0.64375 0.325 0.3578125
1 0.41328125 0.6875 0.29375 0.3328125
1 0.19609375 0.73671875 0.2734375 0.3453125
1 0.91796875 0.33828125 0.1640625 0.2734375
1 0.771875 0.33515625 0.2234375 0.3078125
1 0.59765625 0.3859375 0.24375 0.2765625
1 0.421875 0.390625 0.2453125 0.3296875
1 0.25546875 0.434375 0.2375 0.2828125
1 0.09921875 0.45 0.1984375 0.315625
0 0.55234375 0.70078125 0.040625 0.046875
0 0.28046875 0.70703125 0.0546875 0.0875
0 0.853125 0.3359375 0.0640625 0.0765625
0 0.76171875 0.2390625 0.1046875 0.0953125
0 0.59765625 0.35546875 0.16875 0.1890625
0 0.40859375 0.30625 0.1140625 0.11875