1 0.121875 0.3140625 0.20625 0.2953125
1 0.35703125 0.33046875 0.284375 0.3484375
1 0.62421875 0.31015625 0.2671875 0.3609375
1 0.84765625 0.26484375 0.2078125 0.3265625
1 0.33203125 0.584375 0.1484375 0.203125
1 0.48125 0.6015625 0.16875 0.253125
1 0.6640625 0.59375 0.159375 0.221875
1 0.825 0.571875 0.165625 0.29375
1 0.1375 0.61484375 0.2359375 0.3375
0 0.2625 0.6109375 0.053125 0.0921875
0 0.39921875 0.5765625 0.0265625 0.090625
0 0.5828125 0.5828125 0.046875 0.13125
0 0.73359375 0.56328125 0.01875 0.1078125