1 0.09140625 0.39765625 0.14765625 0.1875
1 0.31015625 0.375 0.27265625 0.2859375
1 0.60078125 0.35703125 0.27265625 0.32109375
1 0.85234375 0.3484375 0.2234375 0.30390625
1 0.03359375 0.578125 0.0671875 0.17421875
1 0.11796875 0.61796875 0.1296875 0.2453125
1 0.29453125 0.6296875 0.17890625 0.2234375
1 0.46640625 0.61640625 0.14765625 0.2140625
1 0.6453125 0.63203125 0.1828125 0.22734375
1 0.81953125 0.6046875 0.14765625 0.23671875
1 0.95078125 0.61640625 0.0890625 0.2859375
0 0.046875 0.578125 0.03984375 0.11171875
0 0.1984375 0.5890625 0.03125 0.08046875
0 0.3859375 0.5890625 0.03984375 0.0625
0 0.5578125 0.5734375 0.0265625 0.0578125
0 0.0359375 0.33515625 0.04453125 0.07109375
0 0.74140625 0.58671875 0.01796875 0.0671875
0 0.75 0.3171875 0.0359375 0.0625