1 0.14921875 0.31484375 0.2296875 0.3046875
1 0.39453125 0.3078125 0.3390625 0.3828125
1 0.1203125 0.6328125 0.215625 0.34375
1 0.28359375 0.6140625 0.2203125 0.3
1 0.675 0.309375 0.3234375 0.3640625
1 0.46328125 0.6171875 0.1875 0.3265625
1 0.63515625 0.62421875 0.209375 0.325
1 0.81953125 0.64375 0.203125 0.2984375
1 0.8796875 0.346875 0.2046875 0.2671875
0 0.20625 0.62421875 0.0578125 0.0890625
0 0.5578125 0.5953125 0.04375 0.075
0 0.72890625 0.6109375 0.05625 0.08125
0 0.39296875 0.6234375 0.04375 0.084375
0 0.4734375 0.75078125 0.0859375 0.0578125
0 0.628125 0.7515625 0.0796875 0.0515625
0 0.90078125 0.6546875 0.04375 0.075