0 0.48828125 0.63984375 0.05 0.0953125
0 0.2140625 0.62109375 0.0453125 0.1046875
0 0.55078125 0.4640625 0.040625 0.1046875
0 0.76640625 0.65 0.0453125 0.1046875
1 0.85703125 0.71328125 0.2234375 0.2828125
1 0.63046875 0.6921875 0.30625 0.33125
1 0.36015625 0.68515625 0.2765625 0.3515625
1 0.1109375 0.67421875 0.2125 0.3171875
1 0.946875 0.4578125 0.10625 0.26875
1 0.8 0.44453125 0.2125 0.2515625
1 0.64140625 0.40234375 0.1875 0.271875
1 0.47734375 0.384375 0.1703125 0.2796875
1 0.29609375 0.37265625 0.190625 0.25
1 0.1140625 0.36171875 0.2203125 0.309375