0 0.1515625 0.60703125 0.04453125 0.0890625
0 0.32109375 0.60703125 0.0359375 0.0890625
0 0.484375 0.625 0.03984375 0.11640625
0 0.64921875 0.61796875 0.03984375 0.11171875
0 0.8125 0.6140625 0.0359375 0.11171875
1 0.08671875 0.62734375 0.1296875 0.27265625
1 0.2390625 0.6359375 0.17421875 0.27265625
1 0.40390625 0.63203125 0.1828125 0.26328125
1 0.5734375 0.640625 0.16484375 0.27265625
1 0.72734375 0.6140625 0.14296875 0.23671875
1 0.8859375 0.63203125 0.15625 0.27265625
1 0.10234375 0.31953125 0.1515625 0.2546875
1 0.3234375 0.3390625 0.27265625 0.3390625
1 0.625 0.35078125 0.29453125 0.3171875
1 0.88828125 0.36171875 0.1875 0.26796875