0 0.13984375 0.4421875 0.05625 0.09375
0 0.3078125 0.41875 0.0484375 0.09375
0 0.4671875 0.378125 0.05625 0.1203125
0 0.63125 0.3625 0.0546875 0.115625
0 0.79375 0.34375 0.0515625 0.115625
1 0.07734375 0.43125 0.1546875 0.2875
1 0.22265625 0.4015625 0.2109375 0.29375
1 0.38671875 0.3828125 0.2171875 0.2859375
1 0.553125 0.35078125 0.2015625 0.2921875
1 0.709375 0.35546875 0.175 0.2546875
1 0.8640625 0.315625 0.1921875 0.2921875
1 0.13125 0.734375 0.1859375 0.2734375
1 0.34765625 0.68359375 0.3171875 0.3734375
1 0.64453125 0.63046875 0.3359375 0.3546875
1 0.89609375 0.58203125 0.2078125 0.2921875