0 0.76328125 0.5546875 0.0984375 0.15625
0 0.7609375 0.35546875 0.0671875 0.1125
0 0.63828125 0.34375 0.0546875 0.09375
0 0.47265625 0.33515625 0.04375 0.1046875
0 0.3328125 0.34765625 0.0453125 0.0796875
0 0.1609375 0.37109375 0.0640625 0.0859375
0 0.4984375 0.55625 0.0546875 0.090625
0 0.13203125 0.68671875 0.06875 0.065625
0 0.05 0.6453125 0.0453125 0.084375
0 0.41015625 0.66640625 0.0640625 0.05625
1 0.8640625 0.58828125 0.2359375 0.321875
1 0.6265625 0.61484375 0.284375 0.3234375
1 0.37265625 0.61875 0.315625 0.3265625
1 0.15 0.63515625 0.23125 0.2859375
1 0.85078125 0.296875 0.2171875 0.309375
1 0.68515625 0.34296875 0.15625 0.246875
1 0.54765625 0.303125 0.18125 0.271875
1 0.39765625 0.34453125 0.184375 0.2625
1 0.25703125 0.35625 0.2078125 0.265625
1 0.08984375 0.34921875 0.1796875 0.3140625