0 0.7734375 0.65234375 0.0484375 0.06875
0 0.61640625 0.646875 0.0421875 0.075
0 0.459375 0.73125 0.078125 0.1046875
0 0.30703125 0.76640625 0.0546875 0.075
1 0.825 0.22109375 0.2421875 0.33125
1 0.5875 0.321875 0.33125 0.4015625
1 0.3328125 0.38046875 0.303125 0.403125
1 0.11484375 0.434375 0.2296875 0.36875
1 0.68203125 0.6046875 0.2109375 0.2875
1 0.53828125 0.68828125 0.21875 0.30625
1 0.3703125 0.72265625 0.2015625 0.2859375
1 0.2078125 0.79921875 0.2421875 0.33125
1 0.88203125 0.5890625 0.2359375 0.371875