0 0.19765625 0.284375 0.0390625 0.103125
0 0.47109375 0.33125 0.03125 0.1265625
0 0.74140625 0.25703125 0.0375 0.05
0 0.21328125 0.5546875 0.0265625 0.1078125
0 0.3875 0.54609375 0.04375 0.103125
0 0.54765625 0.58125 0.0484375 0.0953125
1 0.12734375 0.5734375 0.1984375 0.3140625
1 0.31328125 0.58671875 0.1671875 0.3265625
1 0.471875 0.58359375 0.171875 0.321875
1 0.6453125 0.62734375 0.1671875 0.340625
1 0.83515625 0.63359375 0.1984375 0.3421875
1 0.09921875 0.221875 0.1984375 0.2875
1 0.34296875 0.26875 0.2671875 0.3578125
1 0.60859375 0.26875 0.2703125 0.365625
1 0.8453125 0.23046875 0.203125 0.3328125