0 0.209375 0.26875 0.0375 0.103125
0 0.48046875 0.33046875 0.028125 0.125
0 0.75390625 0.2703125 0.0375 0.05
0 0.2109375 0.53984375 0.025 0.1078125
0 0.38515625 0.53984375 0.0421875 0.103125
0 0.54296875 0.58359375 0.046875 0.09375
1 0.12421875 0.55390625 0.1921875 0.3109375
1 0.30859375 0.57734375 0.1625 0.3234375
1 0.4671875 0.58203125 0.1671875 0.3203125
1 0.63828125 0.634375 0.1625 0.3375
1 0.828125 0.65078125 0.19375 0.3390625
1 0.1078125 0.20078125 0.209375 0.284375
1 0.3546875 0.2609375 0.2609375 0.353125
1 0.6203125 0.275 0.2640625 0.3609375
1 0.859375 0.24921875 0.1984375 0.3296875