0 0.20546875 0.27421875 0.0359375 0.10234375
0 0.47734375 0.33046875 0.0265625 0.125
0 0.75 0.265625 0.0359375 0.04921875
0 0.21171875 0.54453125 0.02265625 0.10703125
0 0.3859375 0.5421875 0.03984375 0.10234375
0 0.54453125 0.5828125 0.04453125 0.09375
1 0.125 0.56015625 0.1875 0.3078125
1 0.31015625 0.58046875 0.15625 0.32109375
1 0.46875 0.5828125 0.1609375 0.3171875
1 0.640625 0.63203125 0.15625 0.33515625
1 0.83046875 0.6453125 0.1875 0.33515625
1 0.10234375 0.2078125 0.2046875 0.28125
1 0.35078125 0.26328125 0.2546875 0.3484375
1 0.61640625 0.27265625 0.25859375 0.35703125
1 0.8546875 0.24296875 0.1921875 0.32578125