0 0.35390625 0.6171875 0.0640625 0.1015625
0 0.54921875 0.63046875 0.0625 0.128125
0 0.75703125 0.36796875 0.0546875 0.0890625
0 0.475 0.39921875 0.0421875 0.1
0 0.7390625 0.58828125 0.034375 0.1046875
0 0.21640625 0.3546875 0.059375 0.084375
1 0.12265625 0.378125 0.1765625 0.296875
1 0.32890625 0.3640625 0.2796875 0.3296875
1 0.60078125 0.34453125 0.3078125 0.340625
1 0.85625 0.34765625 0.2265625 0.3125
1 0.10546875 0.68203125 0.18125 0.3
1 0.2546875 0.67109375 0.1859375 0.309375
1 0.459375 0.659375 0.2296875 0.3
1 0.64921875 0.6546875 0.1984375 0.2984375
1 0.82890625 0.6578125 0.190625 0.3109375
1 0.94921875 0.67109375 0.1015625 0.3140625