0 0.34609375 0.60703125 0.0578125 0.0984375
0 0.53984375 0.63359375 0.05390625 0.125
0 0.765625 0.3859375 0.04921875 0.08515625
0 0.48203125 0.39765625 0.0359375 0.0984375
0 0.73203125 0.6046875 0.0265625 0.10234375
0 0.22734375 0.33515625 0.05390625 0.08046875
1 0.13203125 0.35234375 0.15625 0.2859375
1 0.3390625 0.35234375 0.25859375 0.3125
1 0.61171875 0.35234375 0.2859375 0.32109375
1 0.86640625 0.37265625 0.20546875 0.29921875
1 0.09375 0.65390625 0.1609375 0.28984375
1 0.24296875 0.65390625 0.16484375 0.29921875
1 0.4484375 0.65625 0.21015625 0.2859375
1 0.63828125 0.66484375 0.17890625 0.2859375
1 0.8171875 0.68046875 0.16953125 0.29921875
1 0.94609375 0.703125 0.0984375 0.3078125