0 0.80234375 0.68203125 0.1078125 0.0734375
0 0.88125 0.56953125 0.0453125 0.0625
0 0.67109375 0.58359375 0.0640625 0.06875
0 0.6203125 0.64921875 0.0875 0.1078125
0 0.528125 0.58828125 0.08125 0.08125
0 0.44140625 0.71953125 0.071875 0.071875
0 0.34296875 0.6125 0.040625 0.0578125
0 0.4890625 0.34375 0.0265625 0.0453125
0 0.921875 0.609375 0.0453125 0.0453125
1 0.86484375 0.33515625 0.2140625 0.2484375
1 0.62734375 0.365625 0.2734375 0.2765625
1 0.35234375 0.384375 0.259375 0.2765625
1 0.1296875 0.3859375 0.178125 0.253125
1 0.9484375 0.5625 0.103125 0.24375
1 0.78515625 0.6046875 0.1796875 0.275
1 0.59609375 0.61484375 0.1828125 0.2171875
1 0.4171875 0.6421875 0.184375 0.275
1 0.25703125 0.646875 0.1546875 0.2265625
1 0.09921875 0.66796875 0.1609375 0.24375